# Armored Fist MAINMENU.MS3 note-on reference (channel fnum block), captured from the
# instrumented DOSBox oracle (tools/oracle/trace_opl.sh) at the idle main menu (t>=32s).
# board:0003/0011 -- the port's engine-generated OPL note stream must contain this exact
# contiguous sequence (tools/oracle/noteseq_compare.py --gate) so menu music cannot regress.
1 523 1
0 587 3
1 784 1
1 622 2
2 831 2
5 784 4
0 784 2
1 523 2
6 523 3
7 523 2
0 523 3
1 622 2
2 784 2
5 740 4
2 523 3
1 523 1
5 587 4
6 523 3
7 523 2
0 622 3
2 784 2
1 932 1
0 554 3
1 698 1
1 698 2
5 698 4
0 932 2
2 698 2
1 554 2
0 554 3
2 932 2
3 988 2
6 932 2
7 932 1
5 659 4
0 659 3
1 698 2
1 554 2
5 554 4
6 932 2
7 932 1
1 831 1
1 988 1
0 698 3
1 622 2
1 988 1
5 622 4
6 831 2
7 831 1
0 831 2
1 698 2
0 988 2
1 831 1
5 587 4
1 587 2
5 988 3
1 698 1
6 698 2
7 698 1
1 784 1
0 831 2
1 988 1
1 587 2
1 784 1
0 698 2
1 622 2
0 784 2
1 784 1
2 554 3
0 831 2
5 784 3
1 784 1
6 784 2
7 784 1
0 988 2
1 523 1
0 784 2
1 784 1
1 622 2
2 698 2
0 784 2
5 784 4
1 523 2
6 523 3
7 523 2
0 523 3
1 622 2
2 784 2
5 740 4
2 523 3
5 622 4
7 523 2
0 622 3
1 523 1
2 784 2
1 932 1
0 554 3
1 698 1
1 698 2
5 698 4
0 932 2
1 554 2
1 932 2
0 554 3
1 698 2
2 698 2
5 659 4
6 523 3
7 932 1
0 659 3
1 932 2
1 554 2
5 554 4
6 932 2
7 932 1
1 831 1
1 988 1
0 698 3
1 622 2
5 622 4
6 831 2
7 831 1
0 831 2
1 988 1
1 698 2
0 988 2
1 831 1
5 587 4
1 587 2
1 784 1
5 988 3
7 784 1
1 523 1
0 831 2
1 523 1
2 554 3
1 784 1
0 622 2
2 523 2
1 523 1
1 988 0
2 587 2
0 698 2
1 587 1
1 698 1
1 831 1
1 784 1
1 523 1
0 587 2
2 988 1
1 784 1
0 622 3
1 523 2
2 523 3
1 988 1
0 698 3
1 587 2
2 587 3
1 698 2
1 831 2
5 523 4
6 784 2
7 523 1
1 523 1
0 587 3
1 784 1
1 622 2
1 523 2
0 784 2
5 784 5
1 784 2
5 740 5
6 523 3
7 523 2
0 523 3
1 622 2
2 988 2
1 523 1
5 587 5
6 523 3
7 523 2
0 622 3
1 784 2
2 523 3
1 932 1
0 554 3
1 698 1
1 698 2
5 698 5
0 932 2
1 554 2
1 932 2
0 554 3
1 698 2
2 698 2
5 659 5
6 932 2
7 932 1
0 659 3
1 932 2
1 554 2
5 554 5
6 932 2
7 932 1
1 831 1
1 988 1
0 698 3
1 622 2
5 622 5
6 831 2
7 831 1
0 831 2
1 988 1
1 698 2
0 988 2
1 831 1
5 587 5
1 587 2
5 988 4
1 698 1
6 698 2
7 698 1
1 784 1
0 831 2
1 988 1
1 587 2
1 784 1
0 698 2
1 622 2
0 784 2
1 784 1
2 554 3
0 831 2
5 784 4
1 784 1
6 784 2
7 784 1
0 988 2
1 523 1
