# PER-BYTE LAST-WRITER over tile [00b78000..00b88000): 4 distinct owning IPs

LASTWRITER lin=10006964 extip=06964 count=41464 tileoff=[0200..ffff]
  code@lin-16: 00 00 00 00 00 00 00 00 00 00 00 00 00 00 00 00 | 00 00 00 00 00 00 00 00 00 00 00 00 00 00 00 00 00 00 00 00 00 00 00 00 00 00 00 00 00 00 00 00 00 00 00 00 00 00 00 00 00 00 00 00 00 00 00 00 

LASTWRITER lin=10006b2b extip=06b2b count=11826 tileoff=[8200..e07b]
  code@lin-16: 00 00 00 00 00 00 00 00 00 00 00 00 00 00 00 00 | 00 00 00 00 00 00 00 00 00 00 00 00 00 00 00 00 00 00 00 00 00 00 00 00 00 00 00 00 00 00 00 00 00 00 00 00 00 00 00 00 00 00 00 00 00 00 00 00 

LASTWRITER lin=10006bab extip=06bab count=11724 tileoff=[2300..817c]
  code@lin-16: 00 00 00 00 00 00 00 00 00 00 00 00 00 00 00 00 | 00 00 00 00 00 00 00 00 00 00 00 00 00 00 00 00 00 00 00 00 00 00 00 00 00 00 00 00 00 00 00 00 00 00 00 00 00 00 00 00 00 00 00 00 00 00 00 00 

LASTWRITER lin=1000b006 extip=0b006 count=10 tileoff=[1a78..847a]
  code@lin-16: 00 00 00 00 00 00 00 00 00 00 00 00 00 00 00 00 | 00 00 00 00 00 00 00 00 00 00 00 00 00 00 00 00 00 00 00 00 00 00 00 00 00 00 00 00 00 00 00 00 00 00 00 00 00 00 00 00 00 00 00 00 00 00 00 00 
