# PER-BYTE LAST-WRITER over tile [005a5e60..005b5e60): 4 distinct owning IPs

LASTWRITER lin=1000beb4 extip=0beb4 count=16384 tileoff=[0000..f7fe]
  code@lin-16: 00 00 00 00 00 00 00 00 00 00 00 00 00 00 00 00 | 00 00 00 00 00 00 00 00 00 00 00 00 00 00 00 00 00 00 00 00 00 00 00 00 00 00 00 00 00 00 00 00 00 00 00 00 00 00 00 00 00 00 00 00 00 00 00 00 

LASTWRITER lin=1000be6c extip=0be6c count=16384 tileoff=[0001..f7ff]
  code@lin-16: 00 00 00 00 00 00 00 00 00 00 00 00 00 00 00 00 | 00 00 00 00 00 00 00 00 00 00 00 00 00 00 00 00 00 00 00 00 00 00 00 00 00 00 00 00 00 00 00 00 00 00 00 00 00 00 00 00 00 00 00 00 00 00 00 00 

LASTWRITER lin=1000beb8 extip=0beb8 count=16384 tileoff=[0800..fffe]
  code@lin-16: 00 00 00 00 00 00 00 00 00 00 00 00 00 00 00 00 | 00 00 00 00 00 00 00 00 00 00 00 00 00 00 00 00 00 00 00 00 00 00 00 00 00 00 00 00 00 00 00 00 00 00 00 00 00 00 00 00 00 00 00 00 00 00 00 00 

LASTWRITER lin=1000be80 extip=0be80 count=16384 tileoff=[0801..ffff]
  code@lin-16: 00 00 00 00 00 00 00 00 00 00 00 00 00 00 00 00 | 00 00 00 00 00 00 00 00 00 00 00 00 00 00 00 00 00 00 00 00 00 00 00 00 00 00 00 00 00 00 00 00 00 00 00 00 00 00 00 00 00 00 00 00 00 00 00 00 
