# PER-BYTE LAST-WRITER over tile [00175200..00185200): 4 distinct owning IPs

LASTWRITER lin=1000bcf6 extip=0bcf6 count=32791 tileoff=[0e00..ffff]
  code@lin-16: 00 00 00 00 00 00 00 00 00 00 00 00 00 00 00 00 | 00 00 00 00 00 00 00 00 00 00 00 00 00 00 00 00 00 00 00 00 00 00 00 00 00 00 00 00 00 00 00 00 00 00 00 00 00 00 00 00 00 00 00 00 00 00 00 00 

LASTWRITER lin=1000bcf2 extip=0bcf2 count=29161 tileoff=[0f00..fff0]
  code@lin-16: 00 00 00 00 00 00 00 00 00 00 00 00 00 00 00 00 | 00 00 00 00 00 00 00 00 00 00 00 00 00 00 00 00 00 00 00 00 00 00 00 00 00 00 00 00 00 00 00 00 00 00 00 00 00 00 00 00 00 00 00 00 00 00 00 00 

LASTWRITER lin=1000bc7a extip=0bc7a count=2048 tileoff=[0460..0c5f]
  code@lin-16: 00 00 00 00 00 00 00 00 00 00 00 00 00 00 00 00 | 00 00 00 00 00 00 00 00 00 00 00 00 00 00 00 00 00 00 00 00 00 00 00 00 00 00 00 00 00 00 00 00 00 00 00 00 00 00 00 00 00 00 00 00 00 00 00 00 

LASTWRITER lin=1000bc74 extip=0bc74 count=1536 tileoff=[0000..0dff]
  code@lin-16: 00 00 00 00 00 00 00 00 00 00 00 00 00 00 00 00 | 00 00 00 00 00 00 00 00 00 00 00 00 00 00 00 00 00 00 00 00 00 00 00 00 00 00 00 00 00 00 00 00 00 00 00 00 00 00 00 00 00 00 00 00 00 00 00 00 
